rate_cell_indices <- list(

  c(68, 3),
  c(10, 2),
  c(16, 4),
  c(20, 4),
  #c(78, 3), only for 2018 files
  c(64, 4)

)
